# subsonic-supersonic grid [x , Area]
31
0.000000000000000 5.950000000000000
0.100000000000000 5.311999999999999
0.200000000000000 4.718000000000000
0.300000000000000 4.168000000000000
0.400000000000000 3.662000000000001
0.500000000000000 3.200000000000000
0.600000000000000 2.782000000000000
0.700000000000000 2.408000000000000
0.800000000000000 2.078000000000000
0.900000000000000 1.792000000000000
1.000000000000000 1.550000000000000
1.100000000000000 1.352000000000000
1.200000000000000 1.198000000000000
1.300000000000000 1.088000000000000
1.400000000000000 1.022000000000000
1.500000000000000 1.000000000000000
1.600000000000000 1.022000000000000
1.700000000000000 1.088000000000000
1.800000000000000 1.198000000000000
1.900000000000000 1.352000000000000
2.000000000000000 1.550000000000000
2.100000000000000 1.792000000000000
2.200000000000000 2.078000000000000
2.300000000000000 2.407999999999999
2.400000000000000 2.782000000000000
2.500000000000000 3.200000000000000
2.600000000000000 3.662000000000001
2.700000000000000 4.168000000000001
2.800000000000000 4.718000000000000
2.900000000000000 5.311999999999999
3.000000000000000 5.950000000000000
